-408.70794999999833 249.8370987801907 247.0358304325107 7.833646169859249 7.900531809970752 7.901506724743183 7.901506724779035
-408.65386499999835 249.91040251187547 247.03928790174683 7.894403649967527 7.899724524141848 7.901506724743183 7.901506724779035
-408.60008199999834 250.4373640092998 247.06741536142783 7.85044456414005 7.887008034221811 7.901506724743183 7.901506724779035
-408.54613999999833 250.12951951098663 247.021620206184 7.931336617990586 7.9251124749047195 7.901506724743183 7.901506724779035
-408.4922289999983 249.79297156067668 246.9376427850249 7.934117960238334 7.944794055273415 7.901506724743183 7.901506724779035
-408.4382409999983 249.93993838588224 246.99456988947313 7.887265753308535 7.872162856506749 7.901506724743183 7.901506724779035
-408.3842119999983 250.04789786557473 247.0734193693912 7.891045534850502 7.860862662965597 7.901506724743183 7.901506724779035
-408.3305179999983 249.71230578108353 247.04672508584753 7.934025337581478 7.915266664749998 7.901506724743183 7.901506724779035
-408.27701099999825 249.7473610998424 246.98897192475718 7.898109891530114 7.931276395444155 7.901506724743183 7.901506724779035
-408.2236219999983 249.8433184027457 246.96692499800807 7.892208536477361 7.91287112001054 7.901506724743183 7.901506724779035
-408.17022499999825 250.2481125934977 247.01513870386057 7.86228248145326 7.876654299081873 7.901506724743183 7.901506724779035
-408.11682499999824 250.33303958549678 247.001481416906 7.8932773650533505 7.908546563415424 7.901506724743183 7.901506724779035
-408.0628869999982 250.17513142912003 246.94419545622893 7.916807902686667 7.931035570488867 7.901506724743183 7.901506724779035
-408.0093129999982 250.13657708099217 246.9751580013313 7.905242611189681 7.885546649983999 7.901506724743183 7.901506724779035
-407.9554549999982 249.8389296469837 247.04705226907663 7.930348530364157 7.864447823879379 7.901506724743183 7.901506724779035
-407.9016319999982 250.35252915929306 247.10902520194205 7.851739330139564 7.869561914023663 7.901506724743183 7.901506724779035
-407.8427629999982 250.689948846863 247.11081123542561 7.868811018583305 7.900586088962757 7.901506724743183 7.901506724779035
-407.7886969999982 250.2402456473173 247.04004217072827 7.945082616172031 7.937985624107564 7.901506724743183 7.901506724779035
-407.73451399999817 250.1320307973673 246.9819187623374 7.911992659815858 7.931467244568146 7.901506724743183 7.901506724779035
-407.67636999999814 249.80592139971236 247.00863256060447 7.933106472577965 7.8877367256722986 7.901506724743183 7.901506724779035
-407.62260399999815 249.51553322198436 246.92635411078984 7.929645114057912 7.943918296848432 7.901506724743183 7.901506724779035
-407.56890199999816 249.92951265328563 246.9279376458613 7.861392438764377 7.900690469587558 7.901506724743183 7.901506724779035
-407.50702099999813 255.0 247.05925245749347 6.902937483152705 7.833818677545967 7.901506724743183 7.901506724779035
-407.4532409999981 242.1493115477011 246.97579533020794 9.146728473996951 7.944525862555074 7.901506724743183 7.901506724779035
-407.3988739999981 242.89101869168363 247.02451568545627 7.829635877458054 7.876393139599495 7.901506724743183 7.901506724779035
-407.3395319999981 247.16212610749105 247.06066201509083 7.487639727087426 7.882874596101432 7.901506724743183 7.901506724779035
-407.28471999999806 249.381613007168 246.9635191860931 7.6864401646969664 7.95158034797374 7.901506724743183 7.901506724779035
-407.22378399999803 249.72805185886597 246.9492408085849 7.867937068570899 7.908866713185313 7.901506724743183 7.901506724779035
-407.16938999999803 250.14587073458887 247.0619971332645 7.861020399576235 7.8433849079338875 7.901506724743183 7.901506724779035
-407.11520999999806 250.4625200014286 247.080304701074 7.870823656250962 7.8920698341555875 7.901506724743183 7.901506724779035
-407.05285399999804 250.12580169176138 247.06923448289118 7.934134467927991 7.9072130228114155 7.901506724743183 7.901506724779035
-406.998761999998 249.91682540340597 247.0798357877105 7.9217563650877 7.896042134665992 7.901506724743183 7.901506724779035
-406.944562999998 250.24368426253127 247.05887391391755 7.869834354672901 7.9123118143630276 7.901506724743183 7.901506724779035
-406.89081399999804 249.7524400626261 246.91286132630566 7.949107906904536 7.9767709451975355 7.901506724743183 7.901506724779035
-406.83711699999805 250.38009789445115 246.97540015583238 7.840687167395795 7.869270214713711 7.901506724743183 7.901506724779035
-406.783182999998 250.24366295135587 246.96182913051092 7.914727164965594 7.90850209865607 7.901506724743183 7.901506724779035
-406.728832999998 250.3590157649622 247.00234597439533 7.890329126525514 7.880621753704601 7.901506724743183 7.901506724779035
-406.674785999998 250.03617992507714 246.97264710245307 7.9327892673677045 7.916815421656482 7.901506724743183 7.901506724779035
-406.618819999998 252.70616451333615 246.98077259027676 7.64278728789638 7.897318328993624 7.901506724743183 7.901506724779035
-406.563515999998 250.38653571708375 247.0410543380156 8.126276956938185 7.870433658934261 7.901506724743183 7.901506724779035
-406.508920999998 249.55267534123684 247.0274664695948 7.9823071487593555 7.908510780666049 7.901506724743183 7.901506724779035
-406.453409999998 248.89220895169456 246.83961263397674 7.965505405900379 7.998338598808961 7.901506724743183 7.901506724779035
-406.398945999998 249.88688222303009 246.9309229192153 7.805123655815323 7.854439567439566 7.901506724743183 7.901506724779035
-406.344118999998 249.85300350446167 246.97377109580793 7.904789546309891 7.879420035813766 7.901506724743183 7.901506724779035
-406.290015999998 250.19128261191142 247.10271638034706 7.868727741463168 7.835040083264024 7.901506724743183 7.901506724779035
-406.23549499999797 250.19887866044658 247.11779758342442 7.900770673528537 7.893732908759778 7.901506724743183 7.901506724779035
-406.181361999998 250.1981218469963 247.10734197140906 7.901580059379839 7.906896215508598 7.901506724743183 7.901506724779035
-406.127230999998 249.55426333635788 246.96567910589897 7.963896115308921 7.974528820402791 7.901506724743183 7.901506724779035
-406.073171999998 249.55175824420536 246.99963305603063 7.901749466230831 7.884004688628695 7.901506724743183 7.901506724779035
-406.019212999998 249.3614340992607 247.02765910108909 7.919948986850225 7.887060309800454 7.901506724743183 7.901506724779035
-405.960651999998 249.07734725229608 247.05846789703634 7.929034519991691 7.885625902125813 7.901506724743183 7.901506724779035
-405.907088999998 249.1883784305736 247.08628876662556 7.890747889638771 7.8871660703516 7.901506724743183 7.901506724779035
-405.853475999998 249.04298524399385 247.01383248350254 7.915595211814866 7.93885532432698 7.901506724743183 7.901506724779035
-405.799850999998 250.1024166073672 246.83895399508233 7.872680592009782 7.869102913940249 7.975338669856035 7.778959363208181
-405.746141999998 250.55163763248035 246.59093361048258 7.931809500755923 7.906804922280224 7.975338669856035 7.778959363208181
-405.68945699999796 255.0 246.44566740912754 7.478154249357564 7.853838848442736 7.975338669856035 7.778959363208181
-405.63587699999795 250.30048796624936 246.23539127673317 8.430717742893888 7.887349122174352 7.975338669856035 7.778959363208181
-405.58173399999794 250.41850656047214 246.12923132017076 7.9639027595631315 7.833680990302199 7.975338669856035 7.778959363208181
-405.5267579999979 250.61137010961653 246.04516091624146 7.95665034145057 7.822294622965549 7.975338669856035 7.778959363208181
-405.47170599999794 250.7197859453858 245.94654601714257 7.964833259413277 7.829791785424099 7.975338669856035 7.778959363208181
-405.41704099999794 250.92539894970656 245.98210223488502 7.955414929127281 7.760631415918254 7.975338669856035 7.778959363208181
-405.36275599999794 251.1581054669966 245.91912400137858 7.952789588723279 7.81142237017026 7.975338669856035 7.778959363208181
-405.30840499999795 251.0169054761944 245.8831078847143 7.989020839507409 7.797524371798019 7.975338669856035 7.778959363208181
-405.25396999999793 250.8483490125052 245.87727233873792 7.991671660523596 7.781967376598059 7.975338669856035 7.778959363208181
-405.19957699999793 250.62520961609627 245.81872332844708 7.996960704391783 7.809139265419961 7.975338669856035 7.778959363208181
-405.1457259999979 250.69281925204857 245.7977632779497 7.968787348542828 7.789763512949097 7.975338669856035 7.778959363208181
-405.0910599999979 251.54281322342834 245.89997801953135 7.892974912939391 7.726271352083623 7.975338669856035 7.778959363208181
-405.0370249999979 250.87365803385296 245.72383688585674 8.040179289000937 7.869753762009528 7.975338669856035 7.778959363208181
-404.98275799999794 250.91495977685892 245.68841039468424 7.971336562975613 7.797220441132151 7.975338669856035 7.778959363208181
-404.9286649999979 250.57268658769434 245.62152802663883 8.008504676558031 7.813434810654271 7.975338669856035 7.778959363208181
-404.8744089999979 251.73769228994485 245.65506446399698 7.862450520413157 7.7616725398276945 7.975338669856035 7.778959363208181
-404.8206679999979 251.33302692790923 245.62048634630247 8.014550429743208 7.796783135215664 7.975338669856035 7.778959363208181
-404.7658939999979 251.3315102399627 245.66052156215676 7.975485635742326 7.7583226540049415 7.975338669856035 7.778959363208181
-404.7119939999979 251.72183110828092 245.78104757110768 7.9375168802903175 7.716832554470588 7.975338669856035 7.778959363208181
-404.6579649999979 251.4648853716609 245.7840418906645 8.000236512551774 7.777415899519096 7.975338669856035 7.778959363208181
-404.6023829999979 254.43204965634408 245.85705397671995 7.687822750797589 7.741324267303307 7.975338669856035 7.778959363208181
-404.54830899999786 251.25053054367925 245.87776687643276 8.283625405579372 7.768282610778899 7.975338669856035 7.778959363208181
-404.4942639999979 251.04550341503958 245.85940270793125 7.9952056396854605 7.788425429446065 7.975338669856035 7.778959363208181
-404.43564599999786 251.40027101272145 245.93402433003874 7.940961964654304 7.740494609544536 7.975338669856035 7.778959363208181
-404.38224799999784 250.32527538352383 245.8580480872518 8.079504912995338 7.818122374954021 7.975338669856035 7.778959363208181
-404.32793499999786 250.819016551861 245.86969684364453 7.927495533389255 7.772954849603678 7.975338669856035 7.778959363208181
-404.27359099999785 251.21369385094303 245.95158736819153 7.937094745526381 7.736747752616953 7.975338669856035 7.778959363208181
-404.21915399999784 250.98451838119666 245.89160915607394 7.997545595219056 7.809875967392499 7.975338669856035 7.778959363208181
-404.1647219999978 251.5570883810737 245.88836044039505 7.919857080720664 7.780633958918944 7.975338669856035 7.778959363208181
-404.10955399999784 251.53328113856557 245.946496194358 7.9776455731998475 7.748992479722128 7.975338669856035 7.778959363208181
-404.05542699999785 251.553846608385 245.95961772078743 7.973345891772759 7.772195689790939 7.975338669856035 7.778959363208181
-404.00145699999786 251.4542715412174 245.89267109768042 7.9849874166746 7.813467931820042 7.975338669856035 7.778959363208181
-403.94686699999784 251.79190484015191 246.03367578242612 7.942622264920519 7.7062765360196765 7.975338669856035 7.778959363208181
-403.89224299999785 251.74560128815617 246.08007617959385 7.979825448150197 7.7550416327093465 7.975338669856035 7.778959363208181
-403.83484899999786 255.0 246.11168038792246 7.508620602814373 7.762668534172811 7.975338669856035 7.778959363208181
-403.78057499999784 250.03589328849625 246.08334812877482 8.45635676205601 7.793563620500779 7.975338669856035 7.778959363208181
-403.7261229999978 249.75673204076594 245.940393786673 8.002389178357035 7.852647168415297 7.975338669856035 7.778959363208181
-403.6722869999978 250.12322637092802 245.90658126551588 7.939825653367461 7.7963884978252525 7.975338669856035 7.778959363208181
-403.6185269999978 250.83424583500587 245.95350486206655 7.906441434964771 7.754771942305776 7.975338669856035 7.778959363208181
-403.5643149999978 251.44948102697424 245.99198394342275 7.915722856680806 7.759124785189523 7.975338669856035 7.778959363208181
-403.5102559999978 251.3665415260578 246.0171213879521 7.983375443200653 7.7660019175744965 7.975338669856035 7.778959363208181
-403.4561829999978 251.48801184494675 245.95839888373678 7.963568290118733 7.809228695277938 7.975338669856035 7.778959363208181
-403.40206799999777 251.31654086364492 245.91659298396416 7.991954075020941 7.80050879608066 7.975338669856035 7.778959363208181
-403.34808799999774 251.51649252044865 245.99552674708502 7.955963509313037 7.738271856444855 7.975338669856035 7.778959363208181
-403.29040099999776 251.6812922882168 246.0084540063628 7.9593697001110595 7.772295827497983 7.975338669856035 7.778959363208181
-403.23602999999775 252.02560790604858 246.01051828579253 7.941974753399469 7.777895301646465 7.975338669856035 7.778959363208181
-403.18143399999775 252.00053328244152 245.90774482714315 7.977768381445866 7.831935372821264 7.975338669856035 7.778959363208181
-403.12771299999775 251.56507543313464 245.90737316276343 8.017534197889647 7.779150942785355 7.975338669856035 7.778959363208181
-403.07319299999773 252.10614955469825 246.05819654743442 7.922909006913824 7.701215350491185 7.975338669856035 7.778959363208181
-403.0186939999977 251.67114987358732 246.00008871083526 8.01748980174663 7.808911856300532 7.975338669856035 7.778959363208181
-402.9648249999977 251.2516771885649 245.88226674223623 8.015985247862083 7.839692336712834 7.975338669856035 7.778959363208181
-402.9105559999977 251.44194463332514 245.84396855301193 7.956901901952912 7.798700697859879 7.975338669856035 7.778959363208181
-402.85649099999773 251.3406825298395 245.8535674657351 7.9851508891860385 7.774011470051911 7.975338669856035 7.778959363208181
-402.8014689999977 252.65473257799476 246.11026092117007 7.84800823883324 7.646643149066444 7.975338669856035 7.778959363208181
-402.7475299999977 251.03035262571822 245.7051136758068 8.132739828022368 7.987798149477905 7.975338669856035 7.778959363208181
-402.6936729999977 251.2357931320167 245.69793110523565 7.9554316440519175 7.782661719172698 7.975338669856035 7.778959363208181
-402.6394559999977 251.14645146249177 245.69317646563567 7.9839958083758935 7.781410208362809 7.975338669856035 7.778959363208181
-402.58523599999774 251.22599281034604 245.70470227777662 7.967631174908915 7.773018222929347 7.975338669856035 7.778959363208181
-402.5309419999977 251.14410378692907 245.6922222759526 7.983273652745277 7.7853923538391205 7.975338669856035 7.778959363208181
-402.4756659999977 251.37965598443708 245.66526246240488 7.952513844516112 7.792856174315243 7.975338669856035 7.778959363208181
-402.4218329999977 250.99680968493777 245.66517644706735 8.01243617949744 7.779003701011025 7.975338669856035 7.778959363208181
-402.3669279999977 251.51622048856433 245.8173852636718 7.925008165628655 7.700501210319289 7.975338669856035 7.778959363208181
-402.3128169999977 251.54904527620843 245.82776797071577 7.972157973378894 7.773607452360785 7.975338669856035 7.778959363208181
-402.25879699999774 251.06759716667216 245.8695881895878 8.021990618454511 7.757402549356621 7.975338669856035 7.778959363208181
-402.20465299999773 251.2419852885835 245.89947367699068 7.958440596027416 7.763554472794332 7.975338669856035 7.778959363208181
-402.14667999999773 251.0606573211496 245.87443449889201 7.992909209336064 7.7918661560425475 7.975338669856035 7.778959363208181
-402.09263799999775 251.446396897404 245.95681687145284 7.937960803939913 7.736494222712905 7.975338669856035 7.778959363208181
-402.03726599999777 251.08228348759198 245.90229408715737 8.010620977008362 7.807063891195541 7.975338669856035 7.778959363208181
-401.98044199999777 250.74871849032365 245.8843604318778 8.00766085951382 7.788203515414146 7.975338669856035 7.778959363208181
-401.9261309999978 250.98425997073323 245.8714682878451 7.952514882994642 7.785604798276598 7.975338669856035 7.778959363208181
-401.8719509999978 251.05791069624883 245.87873069244947 7.9682019716471615 7.775215855680148 7.975338669856035 7.778959363208181
-401.8180389999978 251.37465193552902 245.98532957715062 7.944646689305629 7.724011484496246 7.975338669856035 7.778959363208181
-401.7638199999978 250.72233392849034 245.89703974966338 8.03854777906521 7.824469583562428 7.975338669856035 7.778959363208181
-401.7095519999978 251.1573563634931 245.89961351597935 7.93318533313096 7.777632679540157 7.975338669856035 7.778959363208181
-401.6545469999978 251.46550237705188 245.87936802513215 7.9454795600150705 7.789395183232509 7.975338669856035 7.778959363208181
-401.6010359999978 250.75158408805805 245.85802581771713 8.044516798634508 7.7899605010509765 7.975338669856035 7.778959363208181
-401.5467169999978 251.19057471952271 245.99981558513022 7.932800817969926 7.705871854232363 7.975338669856035 7.778959363208181
-401.4926279999978 251.2905996589535 246.00922523904433 7.965646330763904 7.7741090261390555 7.975338669856035 7.778959363208181
-401.4386019999978 250.84583136606923 246.00621484502136 8.0184363726549 7.780511112704556 7.975338669856035 7.778959363208181
-401.3848539999978 250.43351938858402 245.87839050236323 8.015291380852666 7.844848199629903 7.975338669856035 7.778959363208181
-401.3286579999978 250.94687929707558 245.8787139973625 7.925594492676619 7.778792613208561 7.975338669856035 7.778959363208181
-401.2738749999978 251.11248443693708 245.87536249572412 7.9592916601795345 7.780686941372294 7.975338669856035 7.778959363208181
-401.2200219999978 250.7787297059238 245.87224195773027 8.007679244566623 7.7805678879472815 7.975338669856035 7.778959363208181
-401.16617999999784 250.731467518296 245.88850397909565 7.979918339199815 7.7705768779682955 7.975338669856035 7.778959363208181
-401.11044599999786 250.97535360451278 245.95572782356717 7.9517062971606105 7.744307896985751 7.975338669856035 7.778959363208181
-401.05657799999784 250.99540621981285 245.96026511438492 7.97339558697812 7.776620553508309 7.975338669856035 7.778959363208181
-401.00282699999786 251.48096185069448 246.0739139740856 7.928288705623318 7.720377476764541 7.975338669856035 7.778959363208181
-400.9483579999979 251.96365369870273 246.09800155776952 7.928566203963764 7.76654308295873 7.975338669856035 7.778959363208181
-400.8943459999979 250.84677302800793 245.94636846229196 8.083563541047392 7.8571207526296085 7.975338669856035 7.778959363208181
-400.8406889999979 251.22589051499241 245.9314644538719 7.938602479256764 7.7866418417752135 7.975338669856035 7.778959363208181
-400.7871239999979 251.029981027678 245.91146055831263 7.994322147308984 7.789270649578949 7.975338669856035 7.778959363208181
-400.7331649999979 251.64746892753493 246.04663138936445 7.915504571032688 7.70928367709899 7.975338669856035 7.778959363208181
-400.6791259999979 251.29588516924005 246.0162583113226 8.00940686348926 7.794615589002957 7.975338669856035 7.778959363208181
-400.62125099999787 251.00909221973285 245.8691575954249 8.003128684343167 7.854784474495655 7.975338669856035 7.778959363208181
-400.56726499999786 251.08980747059587 245.81704485953415 7.967517424617371 7.805821598203414 7.975338669856035 7.778959363208181
-400.5132889999979 250.77930335159184 245.84314940331916 8.00542627828666 7.765503412803542 7.975338669856035 7.778959363208181
-400.4561669999979 251.34478597130357 245.85028330813444 7.920543842364587 7.775282092684837 7.975338669856035 7.778959363208181
-400.4024639999979 250.78020824212282 245.84485330528346 8.030045814156495 7.781758333749922 7.975338669856035 7.778959363208181
-400.3483689999979 250.68804642322598 245.81981371179538 7.984269078663869 7.791866370160808 7.975338669856035 7.778959363208181
-400.29380399999786 251.3509804031879 245.88405213523572 7.911100881100036 7.745846773805947 7.975338669856035 7.778959363208181
-400.23968399999785 251.2237131848338 245.82473199400815 7.987670764657787 7.809536755593523 7.975338669856035 7.778959363208181
-400.18077999999787 251.0184187778094 245.81587736464513 7.99523153875375 7.783523605147886 7.975338669856035 7.778959363208181
-400.1266749999979 251.1061595420563 245.8624228399172 7.966836657816606 7.754966850181337 7.975338669856035 7.778959363208181
-400.06965599999785 252.70459880101092 245.86678702953006 7.820451144763533 7.776709780933512 7.975338669856035 7.778959363208181
-400.01541799999785 250.92232852616897 245.82155707361954 8.148039277883356 7.802273773471332 7.975338669856035 7.778959363208181
-399.96127599999784 250.98397551041853 245.84916759353328 7.969365124870613 7.764727136448524 7.975338669856035 7.778959363208181
-399.90725999999785 251.49522862061028 245.87436985236081 7.925798639798696 7.7659685081424366 7.975338669856035 7.778959363208181
-399.85342299999786 251.42192996741915 245.844294953853 7.982441252529595 7.794461888212213 7.975338669856035 7.778959363208181
-399.79936199999787 252.20083716319593 245.58223523246292 7.924524496533259 7.743534461010107 8.0 7.60845213039667
